# Created by Octave 6.1.0, Sun Jun 19 15:03:13 2022 CST <linhao@HaodeMacBook-Pro.local>
# name: avgAcc
# type: scalar
0.54992108229988723


# name: avgVIn
# type: scalar
0.55337528653025192


# name: avgVDn
# type: scalar
0.54776600773961015


# name: avgRn
# type: scalar
0.33765261631130683


# name: avgNMI
# type: scalar
0.44666575540986564


# name: stdAcc
# type: scalar
0.026351696861643729


# name: stdVIn
# type: scalar
0.027069508852910706


# name: stdVDn
# type: scalar
0.036853572123548332


# name: stdRn
# type: scalar
0.039203223546705884


# name: stdNMI
# type: scalar
0.027083158350574118


