# Created by Octave 6.1.0, Sun Jun 19 11:19:05 2022 CST <linhao@HaodeMacBook-Pro.local>
# name: avgAcc
# type: scalar
0.65793991416309017


# name: avgVIn
# type: scalar
0.79793316274758619


# name: avgVDn
# type: scalar
0.90869669292033439


# name: avgRn
# type: scalar
0.09322785301697116


# name: avgNMI
# type: scalar
0.20219173364023996


# name: stdAcc
# type: scalar
0.033445336228842923


# name: stdVIn
# type: scalar
0.024675118462879168


# name: stdVDn
# type: scalar
0.078608450605444274


# name: stdRn
# type: scalar
0.048550281599224643


# name: stdNMI
# type: scalar
0.024777572507168971


