# Created by Octave 6.1.0, Mon Jun 20 14:34:29 2022 CST <linhao@HaodeMacBook-Pro.local>
# name: avgAcc
# type: scalar
0.63449933284813209


# name: avgVIn
# type: scalar
0.4009500423418193


# name: avgVDn
# type: scalar
0.38428853480228897


# name: avgRn
# type: scalar
0.47606390949507016


# name: avgNMI
# type: scalar
0.59907847977915529


# name: stdAcc
# type: scalar
0.040641141099756563


# name: stdVIn
# type: scalar
0.033860617360881112


# name: stdVDn
# type: scalar
0.043725091056095566


# name: stdRn
# type: scalar
0.047788379613790795


# name: stdNMI
# type: scalar
0.033848524949048504


