# Created by Octave 6.1.0, Sun Jun 19 15:04:49 2022 CST <linhao@HaodeMacBook-Pro.local>
# name: avgAcc
# type: scalar
0.52696629213483137


# name: avgVIn
# type: scalar
0.83784497907287059


# name: avgVDn
# type: scalar
0.73547077696534791


# name: avgRn
# type: scalar
0.14903062995539046


# name: avgNMI
# type: scalar
0.16215760049341038


# name: stdAcc
# type: scalar
0.028002360513136714


# name: stdVIn
# type: scalar
0.018051237898846873


# name: stdVDn
# type: scalar
0.028100109308579677


# name: stdRn
# type: scalar
0.017822423403649177


# name: stdNMI
# type: scalar
0.018049459271928803


