# Created by Octave 6.1.0, Fri Jun 24 13:59:48 2022 CST <linhao@HaodeMacBook-Pro.local>
# name: avgAcc
# type: scalar
0.34639273769708551


# name: avgVIn
# type: scalar
0.86507077162452983


# name: avgVDn
# type: scalar
0.90761223162003901


# name: avgRn
# type: scalar
0.020567315618004109


# name: avgNMI
# type: scalar
0.14515981711346743


# name: stdAcc
# type: scalar
0


# name: stdVIn
# type: scalar
0


# name: stdVDn
# type: scalar
0


# name: stdRn
# type: scalar
0


# name: stdNMI
# type: scalar
0


