# Created by Octave 6.1.0, Sun Jun 19 23:20:49 2022 CST <linhao@HaodeMacBook-Pro.local>
# name: avgAcc
# type: scalar
0.9585121602288984


# name: avgVIn
# type: scalar
0.26392193820211762


# name: avgVDn
# type: scalar
0.12210526315789473


# name: avgRn
# type: scalar
0.83905399435160199


# name: avgNMI
# type: scalar
0.73608797888376409


# name: stdAcc
# type: scalar
0


# name: stdVIn
# type: scalar
0


# name: stdVDn
# type: scalar
0


# name: stdRn
# type: scalar
0


# name: stdNMI
# type: scalar
0


