# Created by Octave 6.1.0, Sun Jun 19 22:56:46 2022 CST <linhao@HaodeMacBook-Pro.local>
# name: avgAcc
# type: scalar
0.67469879518072273


# name: avgVIn
# type: scalar
0.40638569967028448


# name: avgVDn
# type: scalar
0.39328537170263794


# name: avgRn
# type: scalar
0.52861508407860036


# name: avgNMI
# type: scalar
0.59467736309905017


# name: stdAcc
# type: scalar
1.1702778228589004e-16


# name: stdVIn
# type: scalar
1.1702778228589004e-16


# name: stdVDn
# type: scalar
5.851389114294502e-17


# name: stdRn
# type: scalar
0


# name: stdNMI
# type: scalar
1.1702778228589004e-16


