# Created by Octave 6.1.0, Sun Jun 19 23:00:56 2022 CST <linhao@HaodeMacBook-Pro.local>
# name: avgAcc
# type: scalar
0.27094972067039114


# name: avgVIn
# type: scalar
0.89502860011866758


# name: avgVDn
# type: scalar
0.93009708737864094


# name: avgRn
# type: scalar
0.027874695593802085


# name: avgNMI
# type: scalar
0.10497887157884292


# name: stdAcc
# type: scalar
5.851389114294502e-17


# name: stdVIn
# type: scalar
0


# name: stdVDn
# type: scalar
1.1702778228589004e-16


# name: stdRn
# type: scalar
0


# name: stdNMI
# type: scalar
1.4628472785736255e-17


