# Created by Octave 6.1.0, Fri Jun 24 12:52:55 2022 CST <linhao@HaodeMacBook-Pro.local>
# name: avgAcc
# type: scalar
0.68117249154453208


# name: avgVIn
# type: scalar
0.38621741802531873


# name: avgVDn
# type: scalar
0.34809657828469859


# name: avgRn
# type: scalar
0.53452362594969871


# name: avgNMI
# type: scalar
0.61380499319659054


# name: stdAcc
# type: scalar
0


# name: stdVIn
# type: scalar
0


# name: stdVDn
# type: scalar
0


# name: stdRn
# type: scalar
0


# name: stdNMI
# type: scalar
0


