# Created by Octave 6.1.0, Mon Jun 20 14:37:47 2022 CST <linhao@HaodeMacBook-Pro.local>
# name: avgAcc
# type: scalar
0.33763338111164198


# name: avgVIn
# type: scalar
0.80489710039078288


# name: avgVDn
# type: scalar
0.86759381131738689


# name: avgRn
# type: scalar
0.045343409991058591


# name: avgNMI
# type: scalar
0.1963637782872239


# name: stdAcc
# type: scalar
0.0036510588446248128


# name: stdVIn
# type: scalar
0.0076907130304873393


# name: stdVDn
# type: scalar
0.0021182251907999037


# name: stdRn
# type: scalar
0.0024973220044593393


# name: stdNMI
# type: scalar
0.0078013212463959236


