# Created by Octave 6.1.0, Sun Jun 19 11:22:27 2022 CST <linhao@HaodeMacBook-Pro.local>
# name: avgAcc
# type: scalar
0.55572289156626498


# name: avgVIn
# type: scalar
0.42133803720976204


# name: avgVDn
# type: scalar
0.43667625935286908


# name: avgRn
# type: scalar
0.39318437570850523


# name: avgNMI
# type: scalar
0.5811110104094257


# name: stdAcc
# type: scalar
0.017691777295889652


# name: stdVIn
# type: scalar
0.0069559040001952689


# name: stdVDn
# type: scalar
0.012758455963773138


# name: stdRn
# type: scalar
0.012333794587578085


# name: stdNMI
# type: scalar
0.0069282132707325899


