# Created by Octave 6.1.0, Thu Jun 23 20:47:28 2022 CST <linhao@HaodeMacBook-Pro.local>
# name: t
# type: scalar
1.2228379249572754


