# Created by Octave 6.1.0, Sun Jun 19 23:04:58 2022 CST <linhao@HaodeMacBook-Pro.local>
# name: avgAcc
# type: scalar
0.48955517326124354


# name: avgVIn
# type: scalar
0.75963791609004105


# name: avgVDn
# type: scalar
0.82499999999999996


# name: avgRn
# type: scalar
0.061194008687582277


# name: avgNMI
# type: scalar
0.24803581530278856


# name: stdAcc
# type: scalar
0


# name: stdVIn
# type: scalar
0


# name: stdVDn
# type: scalar
0


# name: stdRn
# type: scalar
0


# name: stdNMI
# type: scalar
0


