# Created by Octave 6.1.0, Fri Jun 24 12:40:00 2022 CST <linhao@HaodeMacBook-Pro.local>
# name: avgAcc
# type: scalar
0.55017850059500195


# name: avgVIn
# type: scalar
0.99931515986840369


# name: avgVDn
# type: scalar
1


# name: avgRn
# type: scalar
-0.00014574746754817322


# name: avgNMI
# type: scalar
0.0048230094031887875


# name: stdAcc
# type: scalar
0


# name: stdVIn
# type: scalar
0


# name: stdVDn
# type: scalar
0


# name: stdRn
# type: scalar
0


# name: stdNMI
# type: scalar
0


