# Created by Octave 6.1.0, Sun Jun 19 22:51:32 2022 CST <linhao@HaodeMacBook-Pro.local>
# name: avgAcc
# type: scalar
0.88666666666666671


# name: avgVIn
# type: scalar
0.25808833681821625


# name: avgVDn
# type: scalar
0.17989417989417991


# name: avgRn
# type: scalar
0.7163421126838474


# name: avgNMI
# type: scalar
0.74193229846262521


# name: stdAcc
# type: scalar
0


# name: stdVIn
# type: scalar
5.851389114294502e-17


# name: stdVDn
# type: scalar
2.925694557147251e-17


# name: stdRn
# type: scalar
1.1702778228589004e-16


# name: stdNMI
# type: scalar
1.1702778228589004e-16


